18,35,34,79,73,33,71,24,48,54
24,28,3,33,73,34,12,48,32,62
41,69,35,6,24,23,57,60,48,59
21,69,10,24,6,15,55,31,80,22
10,45,78,27,11,67,20,47,49,37
38,49,77,4,79,33,28,69,62,35
12,28,36,41,49,24,20,59,77,56
57,6,54,16,65,35,70,0,10,31
63,38,5,51,79,47,27,45,40,9
62,69,41,0,4,6,18,65,13,59
77,61,68,57,58,38,32,60,25,67
12,24,6,66,36,31,3,61,68,17
8,7,29,48,21,32,9,13,10,16
68,62,70,39,23,35,0,17,79,2
75,1,66,77,7,60,54,72,14,25
55,27,11,37,73,42,10,60,45,16
76,51,24,71,38,4,79,57,21,19
11,23,12,80,30,43,47,67,66,77
46,41,19,16,14,13,57,40,51,77
9,56,11,68,32,24,67,65,43,22
49,48,30,78,12,8,34,6,9,77
73,8,39,71,44,25,15,56,20,68
26,16,21,53,1,62,44,41,32,4
19,8,47,38,25,51,3,11,34,12
52,43,30,40,39,42,72,36,26,34
49,5,77,62,59,13,72,63,33,51
4,40,17,47,2,39,61,79,7,5
62,74,34,75,78,47,18,46,48,80
52,43,70,0,60,19,72,38,29,12
20,73,49,77,3,32,53,54,52,29
72,62,44,5,32,33,4,0,27,43
55,38,34,15,33,20,10,62,32,8
6,1,65,60,23,56,30,27,61,5
70,8,30,80,71,10,19,22,69,26
77,6,70,19,9,17,78,31,34,75
53,15,34,38,24,49,47,67,13,52
36,58,37,38,3,16,80,19,21,32
26,54,60,33,34,80,39,10,11,36
23,15,80,20,8,64,72,71,44,62
56,34,27,74,41,35,51,46,0,39
20,4,27,28,48,76,8,61,72,41
15,57,6,2,78,25,14,63,21,38
15,38,28,66,13,12,64,3,10,32
6,38,71,1,5,16,34,33,13,7
5,43,78,76,6,46,58,16,61,63
29,71,39,61,51,2,36,79,26,32
62,2,47,7,42,78,17,14,5,41
24,25,41,59,70,14,45,35,77,20
6,75,55,79,71,57,45,37,63,3
6,65,26,55,51,29,72,36,67,40
70,68,58,27,3,29,64,43,45,53
74,41,22,14,26,31,64,80,61,1
18,57,64,69,66,60,52,37,4,62
47,77,54,46,26,0,43,62,42,80
54,56,28,45,62,38,25,1,42,12
11,59,80,49,9,72,3,16,24,68
26,67,38,8,65,52,1,79,54,31
14,35,16,23,40,77,13,9,57,39
75,22,15,24,5,70,9,48,41,0
60,14,58,19,6,78,15,18,75,9
52,66,80,38,32,36,76,10,35,58
28,35,21,18,1,5,9,7,41,2
4,44,57,40,21,18,8,51,30,12
15,13,79,0,32,59,34,21,18,69
38,69,18,12,75,54,78,43,28,10
73,2,63,18,61,22,51,46,36,64
52,41,29,60,23,80,78,68,12,46
38,52,73,43,42,48,15,46,64,39
0,38,43,59,31,16,69,1,24,52
3,55,16,56,63,53,69,0,8,40
8,66,49,12,57,25,73,9,68,23
1,59,3,45,31,29,32,9,65,14
77,62,42,54,12,63,30,1,35,53
42,14,67,54,30,78,55,80,35,1
71,66,73,42,60,44,16,8,63,23
2,61,43,8,33,45,68,30,39,31
10,43,25,46,48,54,30,78,24,55
42,3,77,74,21,43,72,62,45,35
67,20,57,71,58,42,68,38,79,46
78,26,17,58,80,19,55,13,60,6
36,30,80,72,26,12,52,20,10,69
12,11,22,73,20,47,19,33,31,76
11,65,52,9,66,33,56,26,1,62
70,18,52,79,68,65,24,63,58,61
42,21,71,27,18,20,37,51,41,15
66,13,1,4,79,31,34,60,51,62
36,16,47,3,75,19,21,53,52,72
40,71,72,41,64,18,6,59,3,42
75,65,54,28,17,43,11,18,68,71
73,47,71,39,18,28,9,77,63,29
18,45,80,10,46,48,37,2,23,55
8,49,71,3,13,9,20,34,0,47
12,9,33,26,34,45,46,48,36,49
56,13,37,31,65,24,72,6,79,76
23,13,60,57,58,69,21,10,5,51
22,28,1,3,57,9,43,63,0,80
74,40,79,66,34,60,52,30,47,71
12,33,16,63,15,23,58,45,78,31
29,26,67,12,74,30,32,9,41,16
77,1,22,79,31,52,24,64,30,75
18,35,34,79,73,33,71,24,48,54
24,28,3,33,73,34,12,48,32,62
41,69,35,6,24,23,57,60,48,59
21,69,10,24,6,15,12,41,35,63
39,36,66,51,70,4,0,65,22,43
61,75,15,26,3,10,48,44,11,35
77,78,24,59,56,62,5,58,6,42
75,4,47,72,56,55,35,64,44,60
24,53,13,10,45,25,30,48,42,52
44,0,78,66,17,64,75,59,34,21
35,29,8,19,21,31,37,15,13,61
37,28,48,66,5,38,15,24,41,31
63,38,16,15,19,11,42,54,20,35
78,27,45,37,72,7,75,2,68,67
35,58,19,20,64,65,18,40,51,34
26,71,21,27,66,37,74,62,72,56
7,55,19,30,64,65,69,54,27,79
5,13,8,29,36,39,68,6,15,17
23,70,60,10,7,25,56,42,14,32
28,6,16,20,46,32,9,38,33,24
53,71,12,70,65,0,48,47,44,22
64,38,61,52,32,16,3,21,73,63
65,53,78,49,47,72,41,48,71,77
25,68,11,9,43,18,34,71,41,75
0,64,69,78,10,25,18,53,60,80
15,3,38,55,62,45,10,35,6,9
66,67,32,44,39,22,14,38,73,4
51,15,3,34,40,14,54,76,29,18
10,62,7,30,38,46,71,12,70,14
54,61,41,42,33,4,71,57,63,1
63,60,56,23,32,44,6,38,67,52
58,8,19,33,21,29,75,38,4,67
28,52,49,26,65,39,54,74,14,16
42,43,26,10,75,8,80,32,14,1
38,48,19,29,66,6,21,7,41,9
18,52,64,39,37,36,45,60,25,17
49,57,38,60,37,52,64,62,26,76
20,2,9,35,11,28,44,64,51,38
27,77,30,51,15,50,57,71,40,59
40,57,5,10,74,28,66,71,19,20
20,79,23,73,68,16,76,11,36,12
55,70,17,31,57,4,54,47,11,16
3,68,67,15,22,70,11,69,74,19
35,70,75,57,80,67,65,46,38,9
45,50,34,20,3,80,12,46,65,71
45,6,62,65,42,5,64,67,68,12
63,22,72,74,27,2,75,50,25,62
79,12,3,0,20,62,66,1,13,28
77,67,27,12,23,33,63,59,46,26
66,43,30,0,16,51,47,70,7,67
57,69,42,24,0,48,52,51,14,39
62,40,30,45,32,26,31,63,5,24
1,42,13,63,75,3,37,45,54,48
11,44,15,32,50,12,35,48,59,57
62,67,45,16,74,71,55,34,12,24
27,57,73,14,49,68,16,35,77,66
0,16,62,27,20,79,1,49,3,8
28,11,14,44,13,52,22,36,47,32
80,3,52,26,32,7,30,78,61,34
46,3,68,54,44,66,63,61,33,6
74,53,57,78,75,3,63,11,6,18
67,72,77,33,39,38,80,71,18,64
21,78,45,80,35,72,8,43,19,79
76,17,45,65,21,40,34,79,33,27
60,71,48,3,79,45,17,46,53,78
24,23,46,78,17,60,79,35,34,10
53,54,29,18,49,27,47,51,6,65
15,35,71,66,45,75,31,52,2,10
15,42,31,72,19,28,60,13,53,2
47,19,66,0,36,72,7,50,11,59
5,19,58,26,18,37,78,65,39,7
17,79,18,33,1,14,67,3,53,31
43,39,69,22,59,26,64,76,65,49
68,28,80,5,74,51,0,24,36,45
63,8,75,38,53,22,7,24,2,74
56,12,5,15,46,48,24,58,62,60
54,64,9,1,37,5,62,15,11,14
37,7,9,33,24,30,41,56,19,32
60,34,2,77,20,13,7,80,69,66
7,23,5,13,24,19,57,78,48,18
67,24,50,16,18,32,49,31,47,41
35,26,70,13,30,34,63,20,10,71
12,11,22,73,20,47,19,33,31,76
11,65,52,9,66,33,56,26,1,62
70,18,52,79,68,65,24,63,58,61
42,21,71,27,18,20,37,51,41,15
66,13,1,4,79,31,34,60,51,62
36,16,47,3,75,19,21,53,52,72
40,71,72,41,64,18,6,59,3,42
75,65,54,28,17,43,11,18,68,71
73,47,71,39,18,28,9,77,63,29
18,45,80,10,46,48,37,2,23,55
8,49,71,3,13,9,20,34,0,47
12,9,33,26,34,45,46,48,36,49
56,13,37,31,65,24,72,6,79,76
23,13,60,57,58,69,21,10,5,51
22,28,1,3,57,9,43,63,0,80
74,40,79,66,34,60,28,56,54,73
1,59,16,27,75,3,71,57,19,43
49,52,43,37,33,45,50,23,36,5
